[Variables]
ercf_calib_0 = 1.0
ercf_calib_1 = 0.9990723220996607
ercf_calib_10 = 1.0
ercf_calib_11 = 1.0
ercf_calib_2 = 1.0010066344367365
ercf_calib_3 = 1.0019766021057643
ercf_calib_4 = 1.0000385429140706
ercf_calib_5 = 1.0000385429140706
ercf_calib_6 = 1.00082559181
ercf_calib_7 = 0.999709844215
ercf_calib_8 = 1.00082559181
ercf_calib_9 = 1.0
ercf_calib_ref = 852.96519

